358695074757555
861424038109344
864322032430970
a100004c8c837a
864093020719258
863818036053180
860079032102975
868191023872599
869161028705242
a000005637179d
867469021680003
86173303042956
862823032490684
358585051510269
869016020713018
868896022101648
352424063605907
869231029832004
869402025239920
861436011014838
869436020263907
357143042094984
869637024254806
868256025235788
864505022277258
861743032703715
862048020228876
867949023236722
866333029811088
863139026481368
862298031636415
868479024224310
990007181426534
868743022955526
862561036621595
860778036024339
864665031636413
867064017804798
861337031683646
99000628820809
359374046261307
866499027898292
862828043336339
353025072881980
864244030483894
864367020431662
354193061328246
a1000056a10356
a000004870bf66
a000004870bf66
864811022642651
865786026643658
869782027604464
862860030188019
863092031909438
863092031909438
357318069576747
868853028773979
862142034198595
351958080233012
861413035253023
861414034935321
862819037222643
868034010460897
860410036648822
869037026137234
862268038253860
865630028380440
868013023016722
860806020948120
868404025336046
864282033028274
864600033244635
867789021857594
864823020032835
864823020032835
862387035268240
352123052379470
867828027411186
864819020615066
862841037401647
865655025943395
862603034317675
99000945703623
866136021936815
866188028883383
867566028740407
863439036721757
869021027782818
861414037797017
860777030039434
865422025738881
865473020784446
862634034333073
869709023061050
863262034395287
867676027693067
a1000049fcdde9
352107063198284
862585030473729
863673031977564
863293034279858
292883031001042
86992302442821
868896024150940
869765024842443
868129028623328
864664036926903
867707028525253
865624023395586
358811070677222
862561035119534
866470024875880
865305032540020
353030070524491
867780023138398
869315025277445
864791027110294
862719033349673
869636024573249
867729330031036
a00000639af58d
862633023871259
866598022223784
861374036506654
a0000047ec1cd7
862844035212149
866190021112968
860930030443136
99000830316571
864572034443732
a1000037beee08
351591066318927
864082036242892
864279036212756
866963029554435
860646025508051
868124028355609
357092069962237
864437022524192
358768051565222
a000000660f25e
864524010569709
99000619214259
352966063641167
99000554537940
861069030982444
865343028743514
868408015760834
868408015760834
866328024916718
354910072860234
355693062706141
355693062706141
868264025967087
862859031006337
861749037739117
864099039115099
861403030896371
863328030068085
355758080220928
358127070546634
a000004f8775f0
356829053471373
868013020115261
862698038077267
869435027521846
352551082007796
14425001595027
358020054332040
863263034649368
864248030041842
a1000054019792
a1000054019792
861305032818560
860885039951556
864206030141269
865763028886064
863708039366269
864891020222177
864178033141531
a0000044482e73
865335029945973
869598023638144
865335029945973
911335401100506
861936037210591
864429030026468
863454037392615
868192021200304
862387035971926
865414037320212
357512050157554
862471036875177
868753027674758
869557022219041
357092060614464
861414035487637
869589028639302
359596061126672