864546034264595
868743026316998
864616024527275
864288033502036
864892020949603
865674024605368
860500029567797
860500029567797
99000457665648
861945034817662
864055021767438
864341032698261
864182029613263
862032031841711
865881028935382
352686043002625
864620028102200
864454034368146
864326024077772
358256073247849
864806035975650
865623025273981
863290038333368
865852021039936
862393034954673
861464034954434
865567021249265
864601029711819
861493038055385
861864030424037
868263027010177
864047030094854
869803027204525
864099039220394
863064038412625
862061038486303
866299023347132
863184037284872
864329033546159
860708038233067
169295010136651
864128034944243
863288031109256
861467031457145
867065026567573
869790020514044
864228031120316
867933029129917
869464021075195
864243031009971
861579032631468
861916036738156
863846024368385
864645023917542
865924016212487
865924016212487
863818032728249
869154026120761
864279033365276
869637022600331
356264050822248
861054035629919
862603038406375
861196030594737
868240010891680
862305035601764
868486021322948
866523012228825
867851025462027
865422029203361
359638059610521
359638059610521
857823550029853
863776022007588
357925070747073
352493060821445
990007170531476
864168036661619
864162031173589
352187071864960
864079038363734
355875060323751
866835020591907
352241067618078
352241067618078
866525027641900
869288026151333
356988050735402
869381021037050
866440026615626
867515023476319
861141036559151
864761020095065
863701031238149
867676020161146
865586023974092
866697021513953
358659061064821
863054034996812
866963021584034
