359732003668303
525058231393731
460026642169672
460021914661696
460002306830868
864301029123558
861951039162948
460019285369223
460023965621545
460026099150394
460004263217768
460028681457417
460016980108388
460023673411038
460022156102829
460001090549622
460001090549622
460036650053271
460013040103131
460079364705282
460023162540402
460028176316071
460027008216657
460012486000887
460035471824125
460036191209682
460008983904369
460027015970867
864326024077772
466977101811759
460008782328717
502162053156730
460028456155553
460015818616638
460011534311823
460004457005818
460001446013914
460021864881444
460020796536917
704020303331007
460025402174304
460023955710511
460026161894874
460018968103457
460036161353297
460027769741259
866299023347132
460026102957475
460021749986657
460028379595876
460015061501460
460025547257199
460007182264495
460027687697343
460023712486595
869790020514044
460005922227046
460021217712190
460003998304754
460077704441210
460016058030018
460026579135366
863846024368385
864645023917542
460110351561314
460028962142561
460028962142561
460021022448968
460036911530969
460023009513766
460026895473294
356264050822248
460078246774486
460026274776204
861196030594737
868240010891680
460005850534639
460078685525964
866523012228825
460030910492793
869195010939906
868842020501710
460029170399010
704030017075076
867851025462027
865422029203361
460021793926245
460021793926245
857823550029853
460020218758786
460030234327565
655015980463181
352493060821445
460021766943240
460027815605345
460090302000813
419021091588370
460031546738518
460025392615964
460019362972467
