460009408167605
460002091959637
460077771616933
460036990416707
864093020719258
460005781714362
460023878312708
460026773022797
460004051480006
a000005637179d
460077350395156
460110505464541
460023034968843
358585051510269
460008589962197
460110049067913
450050739804984
460019536209272
460012825073281
460031801402085
460020119080248
460078241539570
460022354835562
460015496106459
864505022277258
460009063427559
460005413524785
602030954832630
460007340459155
863139026481368
460020161190855
460021848484979
460026460923224
460026111657105
460028551433050
460023739897800
460078114664797
460029642350060
460018250632592
460038311458645
460002783423923
866499027898292
460033301360840
466924251686007
460018240407303
864367020431662
460025759425849
460036630251952
a000004870bf66
a000004870bf66
864811022642651
460015674008122
460022922477718
460029401807759
460026761325160
460026761325160
603019024137324
460075399513506
460020812653127
460002581676343
861413035253023
460000382762407
460021076336441
452048691938834
460013683624559
460018207990054
460028099290279
865630028380440
460025455438907
460001943786365
460017065452244
460027236130034
460036801145497
460023712267513
864823020032835
864823020032835
460010181105194
352123052379470
460026408990311
864819020615066
460006732156424
460007779316361
460027773440669
460110505500118
460007382828323
404253177468756
460027972729552
460021364280867
460078970187393
460023691358042
460013222039855
865422025738881
460007821769810
460021606236157
460030919296335
460021083830716
460026035205679
460031695067722
460021228148431
460026748090377
863673031977564
460036470585345
292883031001042
460036761904365
460023644575770
460009411663701
460023934020338
460009184868341
460077543195188
865624023395586
460036221352967
460015096311990
460016207504762
460026490036670
410060245953150
460009661718564
460016358613939
460016188462793
460019116416630
460010963022111
460016191238137
460023971786345
862633023871259
460008391468962
460025450753110
460020585251862
460077660164079
460000246860133
460110336118553
460003938711119
351591066318927
460006991541095
460027925159096
460077602272550
621205210677151
460027221439946
460023774842542
460019479006777
358768051565222
460077088111815
460037500303023
460028146260739
460030731967004
460001380253925
460016335216775
460023876981968
460023876981968
866328024916718
460024089203419
466977400243910
466977400243910
868264025967087
460030430204584
460022018479098
460000692310222
460009774551391
460018997500179
466924132020610
466924201750664
460036120461766
466974400898101
460079155828225
460079939821254
460002241499275
655103368576905
334030204096831
466890040344715
460001401351387
460027771238571
460030262434063
460030262434063
460028590581777
470073340020488
460008613169291
460027924095762
460009670293056
460029937428462
460027372335619
460030990918562
460027372335619
911335401100506
460021476933624
460024028561355
460004731344951
460022019404856
460022791312904
460003909610175
460013598614088
460004782759263
460036490206599
460003906503316
460023505453936
460009791514120
466011501084866
460022124210831
460022124210831
460017568106858
864934021934851
334050074599445
460031327148530